=======================================
FEDEX DELIVERY AREA SURCHARGE ZIP CODES
=======================================

CONTIGUOUS U.S.
A delivery area surcharge will apply to shipments to select ZIP codes within the
contiguous U.S. For a list of the ZIP codes where this surcharge applies, see
below. See the FedEx Service Guide for more information. 

Effective January 7, 2019

FedEx reserves the right in its sole discretion to change, without notice and as frequently 
as it determines, the list of ZIP codes where a delivery area surcharge may apply.

=============================================
DELIVERY AREA SURCHARGE DESTINATION ZIP CODES
=============================================


01007
01033
01035
01038
01057
01066
01073
01082
01083
01088
01094
01222
01225
01226
01236
01238
01240
01242
01260
01262
01267
01342
01349
01351
01364
01370
01373
01375
01430
01431
01438
01468
01473
01474
01475
01503
01505
01506
01507
01509
01515
01516
01518
01521
01522
01523
01526
01535
01543
01566
01585
01590
01827
02330
02347
02367
02539
02554
02561
02564
02568
02576
02642
02643
02651
02652
02657
02662
02663
02667
02668
02702
02713
02715
02717
02743
02769
02770
02804
02817
02822
02830
02832
02835
02857
02872
02877
02878
02892
02898
03032
03033
03034
03036
03042
03044
03046
03048
03049
03057
03070
03071
03086
03215
03217
03220
03229
03233
03235
03249
03251
03253
03263
03276
03281
03289
03304
03441
03451
03452
03461
03570
03581
03743
03825
03827
03835
03844
03851
03901
03902
03905
03906
03908
03909
03910
03911
04014
04020
04038
04039
04046
04054
04057
04078
04085
04090
04093
04097
04256
04257
04276
04280
04344
04345
04346
04347
04351
04358
04359
04415
04444
04462
04530
04538
04544
04547
04554
04619
04662
04665
04672
04675
04690
04769
04856
04865
04915
04926
04937
04944
04962
04975
04989
05001
05047
05054
05055
05088
05101
05149
05150
05154
05158
05159
05201
05254
05255
05257
05301
05302
05357
05445
05458
05461
05465
05468
05469
05477
05478
05486
05488
05602
05641
05649
05651
05654
05662
05663
05664
05670
05677
05678
05736
05740
05745
05748
05750
05753
05759
05763
05764
05765
05777
05819
05837
05849
05863
06018
06019
06021
06024
06057
06059
06060
06061
06076
06090
06093
06094
06098
06231
06232
06234
06235
06241
06248
06249
06250
06254
06255
06256
06262
06263
06277
06279
06280
06282
06330
06331
06334
06350
06351
06354
06359
06365
06371
06374
06377
06383
06419
06420
06423
06438
06441
06750
06751
06758
06759
06763
06777
06778
06791
06793
06794
07418
07422
07428
07435
07460
07461
07462
07821
07822
07823
07825
07826
07830
07837
07838
07839
07844
07846
07848
07860
07863
07865
07879
07890
07931
07977
08001
08008
08022
08025
08037
08039
08062
08067
08068
08072
08074
08079
08087
08088
08089
08092
08095
08098
08202
08204
08210
08213
08214
08215
08217
08230
08240
08241
08242
08243
08245
08246
08247
08248
08251
08260
08270
08310
08315
08317
08318
08319
08323
08324
08327
08330
08340
08342
08343
08346
08347
08350
08501
08510
08511
08514
08525
08526
08535
08551
08556
08557
08559
08733
08751
08752
08802
08803
08825
08826
08833
08848
08867
10516
10560
10576
10579
10597
10910
10916
10919
10928
10933
10958
10969
10973
10974
10975
10986
10987
10988
10998
11933
11935
11937
11939
11948
11957
11958
11960
11963
11976
11977
12009
12010
12015
12018
12025
12032
12033
12037
12041
12043
12045
12050
12063
12068
12070
12074
12075
12083
12085
12086
12106
12123
12124
12125
12130
12132
12140
12143
12150
12158
12165
12172
12173
12174
12176
12184
12186
12192
12195
12405
12407
12412
12413
12414
12416
12417
12419
12420
12428
12429
12433
12434
12440
12443
12451
12453
12456
12457
12461
12471
12474
12477
12481
12482
12484
12487
12491
12494
12498
12506
12507
12510
12514
12515
12516
12517
12522
12525
12526
12528
12531
12540
12541
12543
12544
12545
12547
12548
12549
12564
12565
12568
12569
12570
12571
12572
12574
12575
12578
12580
12582
12583
12585
12589
12594
12701
12721
12722
12732
12733
12734
12743
12749
12754
12765
12779
12787
12822
12828
12831
12832
12833
12838
12845
12849
12854
12859
12863
12871
12883
12884
12916
12919
12921
12929
12933
12939
12962
12972
12975
12976
12977
12979
12983
12986
12992
13028
13032
13035
13036
13037
13044
13053
13056
13060
13065
13068
13073
13074
13076
13077
13078
13080
13082
13087
13103
13107
13108
13112
13113
13117
13120
13123
13132
13134
13135
13139
13142
13148
13152
13153
13157
13159
13162
13164
13165
13166
13167
13305
13313
13321
13322
13323
13326
13337
13346
13363
13365
13401
13407
13410
13428
13435
13452
13456
13476
13478
13480
13490
13603
13605
13611
13612
13613
13615
13617
13627
13636
13647
13649
13651
13662
13664
13668
13669
13676
13678
13683
13685
13688
13690
13694
13696
13697
13732
13744
13776
13777
13784
13794
13795
13804
13808
13812
13815
13820
13827
13833
13838
13845
13859
13861
14001
14004
14005
14011
14025
14028
14032
14033
14036
14057
14058
14067
14069
14070
14080
14103
14105
14108
14125
14126
14130
14131
14132
14136
14139
14141
14170
14172
14173
14174
14411
14414
14415
14416
14423
14424
14428
14432
14437
14449
14453
14454
14464
14470
14472
14475
14476
14480
14481
14482
14485
14486
14487
14489
14504
14505
14511
14522
14527
14530
14532
14537
14538
14539
14542
14543
14545
14546
14547
14548
14549
14551
14555
14568
14585
14588
14589
14592
14706
14712
14716
14722
14730
14733
14736
14738
14752
14756
14769
14778
14779
14787
14807
14810
14816
14818
14827
14830
14831
14838
14840
14843
14847
14856
14857
14863
14865
14867
14870
14871
14874
14878
14879
14881
14882
14883
14886
14891
14892
14893
14894
14897
15004
15026
15052
15057
15059
15060
15067
15069
15082
15089
15142
15313
15314
15315
15320
15322
15324
15325
15330
15331
15332
15333
15346
15348
15357
15358
15361
15413
15417
15419
15421
15422
15425
15428
15430
15431
15434
15435
15436
15438
15439
15442
15444
15445
15456
15461
15463
15466
15468
15473
15474
15475
15477
15480
15482
15483
15488
15492
15501
15502
15520
15544
15546
15547
15555
15561
15612
15613
15617
15618
15620
15625
15627
15630
15631
15637
15671
15673
15679
15680
15683
15684
15688
15713
15714
15715
15717
15722
15731
15736
15737
15750
15773
15775
15777
15781
15784
15831
15840
15845
15853
15857
15925
15931
15937
15938
15942
15943
15946
15948
15949
15951
15952
15953
15956
15960
15963
16023
16025
16027
16033
16034
16037
16048
16052
16053
16054
16055
16056
16057
16112
16113
16125
16127
16132
16137
16142
16143
16151
16155
16157
16159
16160
16201
16214
16226
16229
16230
16236
16245
16246
16250
16254
16263
16301
16323
16328
16333
16343
16344
16346
16365
16412
16417
16421
16426
16427
16428
16441
16614
16617
16624
16627
16631
16635
16637
16641
16646
16652
16662
16663
16665
16667
16673
16680
16682
16684
16686
16694
16730
16733
16735
16823
16825
16827
16828
16840
16843
16848
16853
16856
16865
16877
16912
17002
17003
17004
17014
17018
17020
17023
17026
17028
17030
17048
17053
17059
17061
17063
17066
17069
17073
17080
17084
17087
17090
17094
17097
17098
17222
17225
17235
17241
17249
17250
17252
17254
17256
17261
17263
17266
17270
17272
17303
17310
17311
17314
17316
17320
17321
17322
17324
17327
17329
17342
17354
17360
17362
17363
17364
17365
17372
17503
17509
17516
17532
17535
17536
17549
17555
17562
17563
17565
17566
17582
17721
17730
17737
17740
17745
17749
17752
17762
17767
17772
17777
17779
17810
17827
17829
17832
17833
17834
17840
17851
17856
17861
17862
17866
17868
17872
17876
17881
17884
17886
17887
17888
17889
17920
17921
17922
17923
17925
17930
17935
17936
17942
17943
17944
17945
17946
17948
17951
17952
17953
17957
17961
17963
17976
17979
17980
17982
17983
18038
18039
18053
18058
18066
18071
18077
18210
18214
18216
18220
18221
18222
18224
18229
18231
18235
18237
18240
18242
18248
18249
18251
18254
18256
18322
18330
18331
18332
18337
18343
18346
18349
18351
18352
18355
18370
18371
18414
18416
18420
18433
18444
18618
18625
18631
18654
18657
18707
18920
18921
18942
18947
18949
18950
18953
18972
19310
19330
19362
19363
19506
19516
19520
19526
19534
19535
19541
19543
19547
19549
19550
19551
19554
19559
19567
19709
19930
19931
19934
19938
19939
19943
19944
19946
19952
19953
19954
19955
19956
19958
19960
19963
19964
19966
19967
19968
19970
19977
19980
20105
20107
20118
20129
20132
20141
20143
20155
20158
20160
20169
20180
20181
20186
20187
20611
20612
20613
20615
20617
20620
20622
20625
20627
20635
20636
20637
20639
20640
20645
20646
20650
20658
20659
20660
20676
20685
20711
20733
20758
20764
20765
20776
20779
20837
20838
20841
20871
21005
21013
21028
21035
21047
21050
21053
21082
21084
21087
21102
21104
21120
21154
21155
21156
21160
21528
21532
21543
21562
21617
21619
21624
21638
21641
21653
21663
21664
21666
21671
21710
21713
21716
21718
21720
21721
21722
21723
21727
21737
21754
21755
21756
21758
21765
21769
21770
21773
21776
21777
21782
21783
21787
21788
21791
21793
21794
21797
21798
21814
21817
21840
21861
21867
21901
21904
21911
21914
21915
21917
21918
22432
22443
22448
22451
22472
22480
22485
22501
22507
22508
22542
22544
22553
22565
22567
22611
22623
22624
22625
22630
22642
22657
22660
22664
22701
22712
22812
22846
22923
22932
22936
22942
22947
22960
22963
22965
22968
22974
23031
23062
23072
23141
23168
23304
23314
23336
23337
23430
23432
23433
23436
23437
23438
23441
23483
23486
23690
23838
23943
24078
24126
24148
24157
24175
24210
24211
24301
24327
24441
24469
24517
24527
24533
24550
24572
24588
24604
24605
24606
24635
24641
24739
24740
24845
24854
24857
24881
24901
24902
25002
25011
25015
25039
25086
25102
25130
25139
25156
25159
25186
25213
25265
25413
25414
25421
25425
25443
25526
25535
25541
25545
25550
25635
25637
25646
25652
25827
25832
25849
25866
25871
25878
25879
25901
25909
26070
26142
26159
26241
26306
26323
26330
26436
26451
26524
26534
26750
26753
27006
27014
27021
27030
27202
27214
27233
27235
27243
27244
27248
27249
27288
27298
27299
27301
27302
27310
27313
27317
27321
27350
27358
27370
27377
27501
27503
27508
27521
27522
27526
27557
27568
27570
27571
27577
27591
27592
27593
27596
27597
27813
27819
27828
27856
27863
27864
27870
27886
27889
27906
27909
27915
27920
27932
27941
27943
27948
27949
27950
27954
27959
27964
27966
27968
27981
27982
27985
28009
28021
28037
28073
28089
28138
28151
28166
28173
28310
28325
28330
28334
28352
28355
28424
28428
28429
28443
28449
28451
28461
28462
28465
28467
28479
28501
28502
28504
28509
28512
28513
28522
28531
28532
28539
28554
28570
28584
28594
28610
28619
28628
28650
28653
28659
28671
28673
28678
28682
28688
28691
28697
28715
28725
28727
28729
28730
28734
28770
28778
28788
29016
29036
29061
29122
29323
29330
29340
29356
29376
29451
29461
29482
29532
29589
29594
29630
29644
29672
29677
29683
29697
29703
29710
29826
29828
29851
29860
29907
29910
30054
30151
30187
30213
30228
30248
30250
30261
30414
30448
30464
30548
30638
30645
30647
30655
30656
30666
30677
30683
30701
30724
30725
30739
30740
30750
30756
30824
31030
31047
31069
31301
31307
31318
31324
31326
31328
31333
31501
31548
31556
31558
31627
31728
31729
31757
31763
31792
31807
31820
31905
32011
32033
32043
32063
32079
32131
32136
32137
32143
32168
32177
32192
32333
32335
32413
32432
32459
32536
32538
32539
32542
32561
32563
32566
32615
32617
32664
32735
32744
32757
32776
32925
32949
32950
32951
33036
33037
33040
33042
33043
33044
33050
33051
33070
33430
33470
33493
33523
33525
33547
33574
33576
33715
33820
33830
33837
33853
33854
33855
33859
33860
33870
33872
33875
33876
33877
33897
33921
33922
33928
33955
33956
33957
34117
34120
34219
34286
34288
34428
34429
34431
34432
34433
34434
34441
34442
34446
34447
34448
34450
34452
34453
34461
34465
34498
34614
34639
34661
34711
34729
34755
34771
34772
34949
34974
35032
35040
35043
35052
35062
35071
35091
35111
35114
35116
35117
35119
35120
35139
35148
35150
35611
35613
35614
35640
35645
35649
35673
35674
35739
35750
35759
35763
35773
35967
35968
36008
36020
36022
36025
36067
36250
36265
36277
36322
36362
36371
36429
36509
36525
36527
36535
36542
36549
36561
36571
36572
36576
36804
36863
36877
37048
37055
37062
37073
37080
37082
37135
37148
37174
37179
37189
37302
37303
37377
37379
37388
37618
37643
37645
37650
37659
37686
37760
37772
37778
37828
37840
37877
38002
38004
38011
38024
38028
38047
38050
38058
38060
38071
38077
38242
38271
38324
38338
38343
38358
38362
38365
38464
38578
38606
38632
38651
38655
38672
38677
38722
38723
38732
38772
38839
38869
38930
39046
39120
39148
39180
39181
39183
39190
39359
39457
39460
39463
39465
39520
39525
39529
39571
39576
39602
39630
39635
39648
39759
39771
40026
40048
40058
40067
40155
40320
40347
40353
40357
40383
40390
40391
40403
40422
40452
40602
40744
40807
41001
41003
41056
41059
41091
41096
41501
41542
41653
41701
41751
42061
42254
42262
42323
42402
42410
42440
42503
42718
43005
43008
43021
43023
43025
43031
43040
43046
43050
43056
43064
43074
43077
43078
43102
43103
43105
43112
43113
43117
43126
43127
43140
43155
43157
43162
43311
43316
43322
43325
43330
43331
43351
43408
43410
43412
43430
43433
43443
43445
43449
43458
43468
43469
43502
43505
43506
43512
43515
43519
43520
43522
43542
43545
43547
43553
43555
43557
43558
43567
43570
43571
43618
43723
43725
43750
43759
43768
43842
43909
43913
43926
43927
43951
43964
43968
43985
44010
44021
44028
44044
44046
44047
44049
44050
44062
44064
44084
44086
44090
44201
44231
44251
44254
44255
44272
44273
44280
44288
44410
44431
44436
44441
44443
44453
44454
44470
44473
44610
44612
44613
44618
44626
44636
44644
44657
44659
44662
44671
44680
44682
44687
44688
44689
44690
44693
44801
44809
44811
44814
44820
44824
44828
44830
44833
44845
44846
44856
44875
44883
44890
45032
45068
45070
45122
45145
45152
45157
45164
45176
45309
45327
45328
45330
45331
45345
45351
45352
45354
45358
45361
45387
45389
45617
45631
45636
45651
45663
45674
45694
45715
45716
45739
45760
45772
45780
45783
45809
45810
45817
45822
45826
45828
45833
45837
45848
45855
45861
45864
45865
45869
45870
45871
45872
45874
45883
45885
45888
45891
45893
45895
45899
46001
46030
46034
46036
46039
46040
46041
46044
46045
46048
46052
46055
46063
46064
46067
46068
46072
46102
46106
46118
46122
46124
46126
46140
46144
46149
46151
46154
46155
46161
46167
46176
46310
46341
46345
46346
46356
46372
46376
46377
46381
46391
46502
46506
46507
46508
46534
46536
46538
46540
46542
46543
46550
46552
46553
46554
46563
46565
46567
46573
46574
46581
46582
46595
46703
46714
46725
46733
46737
46748
46750
46755
46763
46783
46784
46786
46789
46799
46911
46919
46928
46930
46931
46936
46938
46947
46952
46957
46958
46962
46970
46971
46979
46987
46989
46992
47021
47034
47102
47111
47114
47119
47122
47170
47244
47245
47246
47280
47320
47334
47335
47344
47346
47348
47370
47388
47394
47420
47421
47429
47441
47451
47529
47535
47542
47545
47546
47568
47579
47586
47591
47620
47670
47834
47842
47853
47857
47876
47881
47951
47965
47982
47983
48003
48005
48014
48049
48050
48054
48062
48064
48095
48096
48110
48115
48117
48118
48130
48131
48133
48140
48145
48159
48160
48179
48190
48191
48363
48417
48429
48436
48438
48440
48444
48449
48455
48457
48463
48476
48611
48615
48623
48626
48631
48634
48657
48661
48723
48726
48734
48758
48759
48769
48801
48808
48809
48812
48813
48816
48820
48821
48827
48836
48837
48838
48846
48848
48853
48854
48857
48862
48867
48870
48872
48874
48876
48879
48880
48882
48895
48896
49010
49012
49036
49042
49047
49053
49057
49065
49068
49070
49075
49078
49079
49080
49083
49087
49088
49090
49091
49093
49094
49097
49098
49099
49101
49102
49103
49107
49112
49115
49125
49128
49130
49224
49228
49230
49233
49236
49238
49239
49240
49242
49247
49251
49253
49263
49265
49267
49270
49272
49276
49278
49281
49283
49286
49301
49302
49307
49311
49314
49316
49319
49320
49323
49331
49333
49335
49344
49346
49348
49355
49406
49412
49415
49419
49430
49431
49437
49453
49457
49461
49601
49611
49620
49626
49629
49637
49643
49650
49674
49675
49682
49707
49712
49717
49722
49735
49740
49764
49770
49775
49779
49783
49785
49788
49796
49801
49802
49829
49837
49845
49849
49854
49858
49866
49870
49871
49876
49894
49903
49911
49913
49915
49921
49929
49930
49931
49934
49938
49953
49959
49964
49968
49971
50007
50035
50047
50061
50069
50078
50105
50109
50111
50112
50118
50124
50125
50126
50140
50142
50208
50211
50219
50226
50236
50243
50247
50263
50402
50428
50431
50438
50533
50548
50595
50622
50643
50644
50657
50659
50662
50677
50801
51002
51054
51201
51234
51238
51239
51242
51301
51331
51355
51360
51401
51442
51452
51466
51554
51566
51578
52030
52056
52068
52101
52163
52166
52168
52208
52213
52227
52228
52235
52253
52307
52314
52317
52324
52340
52341
52345
52351
52501
52548
52556
52557
52568
52577
52595
52624
52627
52632
52641
52647
52655
52726
52730
52737
52742
52747
52748
52749
52753
52757
52758
52759
52761
53001
53003
53004
53013
53015
53021
53026
53027
53031
53034
53040
53042
53047
53050
53061
53070
53073
53075
53076
53080
53085
53088
53093
53094
53098
53104
53105
53108
53114
53115
53118
53120
53121
53125
53126
53128
53139
53147
53148
53157
53168
53182
53190
53191
53192
53195
53503
53526
53527
53528
53533
53534
53536
53538
53540
53549
53551
53553
53555
53563
53566
53572
53575
53576
53578
53583
53589
53593
53802
53808
53812
53817
53821
53901
53913
53916
53931
53935
53940
53950
53953
53955
53960
53962
53963
53965
53969
54015
54017
54020
54021
54022
54023
54141
54143
54152
54155
54157
54162
54165
54173
54207
54208
54215
54229
54232
54405
54441
54449
54455
54458
54467
54469
54495
54501
54543
54550
54622
54636
54669
54751
54818
54868
54880
54927
54931
54934
54944
54979
54986
55001
55005
55008
55010
55011
55013
55019
55020
55024
55033
55038
55040
55045
55046
55056
55057
55070
55079
55085
55087
55092
55308
55309
55313
55315
55327
55328
55336
55340
55341
55350
55352
55359
55360
55362
55363
55377
55387
55398
55708
55713
55720
55722
55733
55744
55745
55746
55750
55782
55792
55912
55920
55944
55947
55955
55963
55976
55988
56007
56011
56024
56030
56032
56056
56069
56071
56073
56082
56138
56201
56258
56320
56363
56374
56376
56379
56401
56425
56501
56537
56560
56601
56649
56668
56687
56701
57005
57006
57020
57032
57056
57064
57069
57078
57201
57202
57301
57401
57501
57741
57783
57785
57799
58205
58271
58301
58401
58554
58601
58701
58703
58707
58801
59330
59602
59626
59635
59636
59701
59714
59842
59851
59901
59902
59923
60033
60034
60071
60072
60080
60109
60112
60113
60119
60135
60140
60146
60150
60151
60152
60180
60401
60407
60408
60416
60420
60421
60442
60447
60449
60450
60468
60474
60481
60512
60520
60545
60548
60550
60552
60554
60556
60560
60910
60913
60928
60932
60935
60936
60941
60942
60950
60954
60957
60959
60970
61010
61011
61013
61015
61016
61019
61020
61021
61024
61027
61043
61054
61057
61058
61059
61061
61064
61065
61068
61071
61072
61077
61078
61079
61081
61084
61087
61088
61091
61231
61232
61233
61238
61240
61252
61254
61261
61263
61270
61273
61276
61283
61285
61310
61315
61317
61320
61322
61324
61325
61326
61329
61332
61338
61340
61341
61342
61348
61350
61356
61360
61363
61364
61371
61372
61373
61377
61410
61422
61430
61434
61439
61443
61448
61455
61462
61467
61488
61520
61523
61525
61528
61530
61531
61535
61537
61539
61546
61547
61548
61553
61561
61563
61568
61572
61727
61734
61736
61738
61739
61742
61745
61750
61751
61752
61759
61764
61802
61813
61817
61818
61834
61842
61843
61846
61848
61853
61854
61856
61857
61858
61863
61864
61871
61873
61877
61878
61880
61910
61920
61936
61944
61951
61953
61956
62009
62026
62052
62058
62067
62069
62075
62088
62092
62215
62216
62217
62219
62230
62233
62236
62240
62243
62245
62248
62249
62250
62254
62256
62257
62258
62259
62260
62263
62264
62265
62271
62274
62282
62285
62292
62293
62295
62298
62341
62450
62459
62471
62530
62536
62540
62549
62551
62554
62558
62561
62563
62568
62570
62613
62615
62618
62622
62626
62627
62656
62681
62684
62689
62690
62693
62695
62812
62819
62822
62839
62856
62881
62896
62906
62909
62915
62918
62935
62946
62948
62951
62965
62999
63001
63028
63065
63073
63084
63346
63365
63385
63401
63501
63601
63640
63653
63742
63767
63779
63780
63801
63857
63901
64001
64016
64024
64028
64060
64067
64070
64075
64076
64078
64079
64080
64089
64093
64468
64485
64489
64601
64701
64743
64830
64834
64836
65049
65065
65261
65305
65401
65409
65616
65721
65738
65740
66006
66007
66012
66018
66019
66024
66025
66030
66031
66036
66067
66083
66085
66436
66441
66442
66501
66533
66536
66539
66542
66712
66742
66762
66763
66782
66801
67010
67041
67042
67052
67053
67067
67070
67101
67110
67114
67124
67133
67147
67152
67357
67460
67530
67544
67585
67601
67667
67672
67701
67748
67801
67843
67846
67901
67950
68007
68008
68022
68025
68028
68037
68048
68059
68066
68310
68347
68355
68358
68462
68634
68661
68664
68666
68738
68778
68802
68818
68848
68933
68949
69001
69160
69162
69171
69341
69361
69365
70030
70037
70080
70093
70301
70342
70343
70344
70345
70346
70352
70372
70373
70374
70380
70393
70394
70395
70420
70435
70447
70451
70454
70466
70514
70517
70523
70524
70526
70529
70534
70537
70541
70544
70551
70555
70576
70578
70586
70665
70710
70711
70719
70734
70760
70764
70767
70770
70783
70785
70791
71006
71033
71034
71037
71066
71110
71218
71230
71360
71373
71405
71428
71457
71459
71461
71477
71480
71497
71602
71701
71724
71730
71768
71966
72002
72015
72074
72082
72315
72364
72433
72501
72529
72601
72653
72715
72719
72751
72761
72935
72936
73018
73031
73036
73045
73049
73068
73078
73096
73401
73533
73536
73550
73557
73567
73601
73632
73644
73705
73746
73801
73942
74003
74008
74015
74017
74019
74021
74023
74030
74034
74043
74063
74066
74339
74349
74350
74361
74401
74403
74429
74431
74434
74456
74464
74467
74501
74554
74601
74653
74801
74804
74857
74873
74943
74951
74954
75021
75068
75078
75092
75101
75109
75110
75119
75121
75126
75132
75142
75160
75161
75165
75166
75167
75173
75182
75189
75401
75402
75409
75454
75482
75489
75642
75647
75659
75662
75663
75670
75672
75682
75688
75694
75762
75771
75802
75803
75941
75958
75963
75965
76008
76031
76033
76048
76049
76052
76065
76071
76078
76084
76087
76088
76226
76227
76247
76250
76252
76259
76266
76351
76354
76367
76377
76402
76522
76554
76573
76574
76640
76657
76801
76821
77316
77318
77336
77356
77372
77377
77378
77422
77486
77515
77534
77541
77563
77578
77583
77626
77662
77852
77867
77978
77982
77987
78023
78069
78101
78332
78358
78359
78363
78373
78374
78377
78382
78384
78390
78562
78578
78597
78610
78617
78634
78640
78641
78644
78645
78661
78676
78801
78840
78843
78847
79007
79016
79029
79064
79065
79072
79095
79226
79339
79364
79366
79367
79372
79382
79714
79731
79739
79745
79756
79776
79788
79789
79838
79843
80424
80435
80443
80457
80477
80487
80513
80517
80520
80534
80543
80546
80550
80603
80615
80621
80623
80651
80701
80705
80751
81030
81046
81050
81052
81067
81074
81077
81201
81212
81224
81225
81227
81230
81242
81301
81401
81403
81416
81420
81427
81521
81526
81601
81602
81621
81623
81625
81631
81647
82070
82072
82301
82414
82501
82524
82718
82801
82901
82930
82935
82943
83001
83218
83221
83223
83236
83274
83277
83318
83333
83336
83340
83341
83354
83422
83438
83440
83441
83442
83451
83455
83607
83616
83619
83634
83644
83647
83648
83656
83669
83835
83837
83840
83843
83852
83864
83865
83867
83868
84004
84006
84008
84032
84044
84049
84050
84060
84074
84078
84098
84301
84302
84311
84312
84315
84327
84333
84335
84339
84340
84501
84511
84513
84523
84532
84537
84627
84631
84633
84637
84646
84653
84655
84701
84711
84720
84723
84725
84736
84737
84740
84742
84745
84761
84776
84780
84784
85122
85127
85130
85139
85142
85143
85218
85222
85223
85239
85242
85243
85263
85326
85331
85339
85349
85355
85372
85373
85377
85379
85388
85396
85501
85531
85532
85541
85546
85552
85613
85614
85616
85626
85650
85736
85901
85929
85935
86021
86040
86326
86336
86351
86401
86404
86406
86409
86426
86427
86429
86442
87004
87008
87031
87042
87301
87319
87322
87326
87413
87417
87532
87544
87571
87801
88008
88009
88021
88024
88027
88047
88053
88058
88061
88101
88103
88220
88240
88242
88310
88330
89005
89021
89027
89034
89037
89041
89042
89067
89318
89319
89402
89403
89406
89408
89423
89438
89448
89704
89801
89815
90265
91383
91384
91390
91901
91903
91935
91980
92003
92055
92065
92082
92220
92225
92230
92241
92249
92251
92273
92277
92278
92284
92301
92304
92310
92311
92314
92315
92325
92342
92359
92382
92386
92397
92548
92567
92596
93015
93023
93040
93204
93205
93212
93221
93240
93245
93246
93250
93263
93268
93280
93420
93427
93428
93429
93430
93442
93444
93446
93460
93465
93505
93510
93514
93523
93524
93542
93543
93546
93553
93555
93560
93561
93581
93625
93630
93631
93635
93646
93647
93654
93657
93673
93921
93923
93924
93926
93928
94018
94019
94508
94514
94573
94574
94576
94586
94933
95004
95228
95229
95237
95312
95315
95316
95320
95322
95324
95334
95360
95361
95363
95370
95372
95373
95386
95388
95418
95422
95425
95435
95436
95437
95442
95446
95448
95452
95453
95458
95461
95464
95482
95486
95531
95537
95562
95614
95618
95619
95620
95632
95675
95676
95683
95692
95722
95924
95932
95938
95940
95946
95948
95953
95954
95959
95961
95965
95966
95971
95974
95982
95988
96020
96057
96074
96090
96097
96122
96130
96137
96140
96142
96145
96146
96150
96151
96155
96161
96162
97020
97031
97032
97048
97049
97051
97054
97055
97056
97058
97103
97110
97113
97116
97118
97121
97130
97138
97141
97143
97145
97146
97325
97338
97341
97351
97352
97355
97362
97366
97367
97381
97383
97385
97388
97389
97392
97415
97428
97432
97439
97448
97459
97467
97472
97479
97503
97520
97524
97604
97630
97634
97636
97801
97813
97814
97850
97882
97914
98010
98014
98019
98045
98065
98221
98223
98235
98239
98240
98241
98247
98249
98252
98257
98274
98276
98277
98278
98282
98286
98294
98321
98333
98339
98350
98360
98362
98368
98382
98397
98520
98524
98532
98539
98547
98550
98558
98563
98565
98569
98571
98572
98577
98579
98581
98584
98587
98590
98595
98606
98609
98614
98624
98626
98629
98642
98644
98645
98671
98674
98802
98823
98824
98837
98926
98930
98934
98940
98941
98942
98943
98944
98948
99005
99011
99021
99025
99102
99116
99121
99163
99323
99324
99362
99403
